0 0.542817 0.453278 0.029568 0.032729
0 0.591632 0.376290 0.014505 0.018596
0 0.654672 0.389307 0.020084 0.026778
0 0.796374 0.458484 0.013389 0.019340
0 0.815063 0.511297 0.009484 0.013389
0 0.468061 0.654486 0.019526 0.024547
0 0.355091 0.563738 0.014505 0.023059
0 0.494930 0.624914 0.015455 0.021109
0 0.361192 0.420973 0.017523 0.020503
0 0.371026 0.401662 0.018596 0.017166
0 0.403033 0.401185 0.017523 0.018119
0 0.434503 0.390695 0.019669 0.019073
0 0.474913 0.373529 0.024675 0.025748
0 0.599363 0.332761 0.031113 0.028132
0 0.644602 0.328231 0.024318 0.026702
0 0.740622 0.318933 0.022530 0.019550
0 0.799628 0.389980 0.015377 0.027179
0 0.339377 0.529450 0.028252 0.024795
0 0.112396 0.532105 0.027074 0.017502
0 0.149930 0.527183 0.021741 0.016408
0 0.150135 0.511595 0.019690 0.012580
0 0.162442 0.486709 0.023792 0.019690
0 0.199192 0.431701 0.020384 0.017642
0 0.191503 0.469370 0.019311 0.011921
0 0.197940 0.451728 0.034331 0.018596
0 0.513715 0.357327 0.021695 0.014464
0 0.720208 0.440493 0.019371 0.021695
0 0.198561 0.382625 0.033766 0.015170
0 0.204984 0.400487 0.035602 0.016639
0 0.387396 0.567851 0.023857 0.017617
0 0.398407 0.585713 0.020921 0.013213
0 0.423774 0.600019 0.022530 0.010967
0 0.423774 0.588099 0.021099 0.009060
0 0.456675 0.623860 0.027536 0.026225
0 0.427172 0.627675 0.023603 0.028132
0 0.851125 0.499887 0.017523 0.031947
0 0.733827 0.501794 0.008583 0.012874
0 0.880461 0.415336 0.011697 0.019796
0 0.891714 0.429317 0.012517 0.020980