0 0.735007 0.564371 0.019526 0.023603
0 0.805439 0.584755 0.020921 0.021457
0 0.773361 0.583682 0.020921 0.023603
0 0.820781 0.524675 0.020921 0.021457
0 0.682378 0.516875 0.015178 0.015777
0 0.687505 0.495734 0.015588 0.015146
0 0.701862 0.486583 0.013947 0.024612
0 0.661047 0.461340 0.018459 0.017039
0 0.636229 0.441776 0.019690 0.027137
0 0.570802 0.390027 0.025023 0.014515
0 0.483633 0.363206 0.014767 0.012622
0 0.452457 0.350900 0.009025 0.013253
0 0.423127 0.307355 0.029945 0.033448
0 0.379851 0.294417 0.026253 0.029030
0 0.335754 0.296626 0.036508 0.042283
0 0.278120 0.240460 0.010665 0.017039
0 0.180286 0.490370 0.010255 0.025875
0 0.192797 0.487530 0.013947 0.020195
0 0.303552 0.446825 0.030355 0.034710
0 0.336164 0.411799 0.019280 0.025243
0 0.425178 0.484059 0.019280 0.029661
0 0.487530 0.433572 0.015178 0.011991
0 0.487940 0.449665 0.018459 0.016408
0 0.440971 0.383085 0.016408 0.025875
0 0.356264 0.347113 0.015178 0.022088
0 0.578390 0.474908 0.017229 0.025243
0 0.602182 0.478063 0.015588 0.027768
0 0.622077 0.577460 0.014357 0.024612
0 0.334523 0.512142 0.014357 0.025243
0 0.280581 0.643408 0.011486 0.021457
0 0.276889 0.620058 0.017229 0.013884
0 0.262327 0.632364 0.006974 0.025875
0 0.297810 0.581877 0.013947 0.017039
0 0.284068 0.600179 0.012716 0.023350
0 0.333087 0.697366 0.000000 0.000631
0 0.140185 0.375785 0.011086 0.020357
0 0.197761 0.303162 0.016093 0.018156
0 0.265708 0.597507 0.016093 0.023107
0 0.243536 0.355704 0.027536 0.025858
0 0.528734 0.350752 0.017523 0.017606
0 0.107093 0.431073 0.015939 0.023756
0 0.265491 0.566712 0.016936 0.026821
0 0.279189 0.535676 0.014445 0.024522
0 0.286163 0.564030 0.016438 0.018392