0 0.512154 0.447709 0.016139 0.027650
0 0.540944 0.460569 0.013947 0.021743
0 0.542439 0.348231 0.011955 0.025037
0 0.575812 0.349219 0.012951 0.020425
0 0.580046 0.395011 0.015441 0.018448
0 0.538205 0.603544 0.013449 0.028331
0 0.518281 0.631875 0.009464 0.011201
0 0.527745 0.625616 0.008468 0.019766
0 0.588265 0.624628 0.009962 0.017790
0 0.545925 0.652959 0.012951 0.012519
0 0.582038 0.536998 0.012453 0.024378
0 0.633841 0.526126 0.015441 0.022402
0 0.660490 0.363714 0.012951 0.015154
0 0.625623 0.297168 0.011955 0.017790
0 0.608687 0.294203 0.011955 0.017131
0 0.594242 0.301780 0.011955 0.016472
0 0.569087 0.299145 0.014445 0.025696
0 0.552401 0.306063 0.011955 0.019766
0 0.508069 0.312981 0.034868 0.025696
0 0.337717 0.336042 0.017932 0.029649
0 0.300359 0.303428 0.014943 0.023719
0 0.279936 0.355149 0.013947 0.015154
0 0.395880 0.546842 0.009656 0.018448
0 0.405715 0.535726 0.010013 0.016083
0 0.399278 0.595565 0.015735 0.022233
0 0.420198 0.607154 0.014662 0.025544
0 0.468655 0.626312 0.011444 0.017502
0 0.444516 0.639321 0.013232 0.017975
0 0.466331 0.692774 0.000358 0.000000
0 0.607410 0.563635 0.013589 0.025544
0 0.662661 0.480617 0.010371 0.018448
0 0.718092 0.586341 0.014662 0.021760
0 0.259763 0.427145 0.014334 0.019473
0 0.675267 0.400039 0.014412 0.020908
0 0.276437 0.394761 0.019311 0.018448
0 0.279655 0.378914 0.010013 0.014191
0 0.290205 0.381043 0.008225 0.016556