0 0.541787 0.741018 0.009298 0.011883
0 0.438973 0.672833 0.006079 0.008488
0 0.442191 0.689808 0.006795 0.010751
0 0.446840 0.678492 0.005364 0.006224
0 0.448629 0.668023 0.007510 0.005658
0 0.446840 0.660667 0.008225 0.004527
0 0.443801 0.654160 0.007152 0.006224
0 0.442370 0.646804 0.009298 0.007356
0 0.568609 0.645389 0.008583 0.011317
0 0.558238 0.660384 0.007868 0.008488
0 0.530701 0.629829 0.011444 0.009619
0 0.479562 0.655009 0.007868 0.012449
0 0.487609 0.648785 0.008940 0.012449
0 0.470388 0.686369 0.010260 0.014057
0 0.481350 0.681038 0.007868 0.007922
0 0.497622 0.643975 0.007510 0.006790