0 0.250565 0.294598 0.017314 0.018738
0 0.409994 0.247754 0.022604 0.032791
0 0.510508 0.306309 0.016833 0.026545
0 0.528543 0.313726 0.009619 0.021080
0 0.546578 0.317630 0.009138 0.019518
0 0.538402 0.343785 0.014909 0.021861
0 0.531429 0.531160 0.022123 0.024983
0 0.519406 0.561609 0.020199 0.028106
0 0.367431 0.550288 0.020199 0.024203
0 0.291204 0.451526 0.018756 0.028106
0 0.298418 0.268444 0.014909 0.028887
0 0.629058 0.441376 0.021161 0.021861
0 0.465541 0.276251 0.019718 0.017176
0 0.676787 0.403093 0.017881 0.026125
0 0.674105 0.510494 0.013947 0.013353
0 0.656582 0.483498 0.020384 0.019739
0 0.680542 0.473339 0.016808 0.014514