0 0.480397 0.458080 0.009685 0.017123
0 0.546645 0.386375 0.009685 0.013913
0 0.384511 0.379687 0.012397 0.023010
0 0.373857 0.431324 0.011235 0.023545
0 0.290741 0.207483 0.023960 0.032106
0 0.165576 0.104496 0.015377 0.028649
0 0.133569 0.193900 0.012874 0.010867
0 0.118013 0.204766 0.017523 0.010867
0 0.147874 0.157842 0.017166 0.012843
0 0.156099 0.140554 0.017881 0.012843
0 0.351000 0.226253 0.010013 0.020252
0 0.376569 0.240577 0.014662 0.017288
0 0.410364 0.236873 0.027894 0.029637
0 0.417516 0.273672 0.017166 0.023215
0 0.469191 0.305778 0.016093 0.030131
0 0.277867 0.482363 0.021457 0.030625
0 0.343668 0.389995 0.015735 0.027661
0 0.437338 0.261742 0.015939 0.026419
0 0.510261 0.657476 0.019924 0.019814
0 0.237509 0.419585 0.010665 0.019830